#pt range     nev_EB     purity_EB     nev_EE   purity_EE  
40 - 47       10000     0.538631    7470     0.483115
47 - 65       8623      0.610058    6786     0.530977
65 - 73       10038     0.68744     7791     0.600321
73 - 90       10487     0.723365    7883     0.62339
90 - 94       7788      0.771       5728     0.644997
94 - 99       7965      0.781373    5824     0.660347
99 - 105       7237     0.775929    5459     0.67031
105 - 110       9861    0.807222    6987     0.674068
110 - 117       11043   0.803787    7625     0.669649
117 - 126       9991    0.807683    7008     0.705015
126 - 139       9582    0.838527    6632     0.71616
139 - 165       10031   0.855121    6720     0.735132
165 - 180       143064  0.886747    86892    0.756101
180 - 1000       496296 0.903301    244644   0.802092
